1300
6570
14786
3728
14988
1070
19741
49750
6229
946
8679
5707
406
53462
9099
14677
12842
14463
14617
380
11677
11711
10961
10975
54468
65772
12880
3517
43316
5076
10530
13947
12368
22566
25625
23786
12639
2528
11723
8150
24560
18043
8050
6477
8971
4783
36663
4491
44318
32023
11667
5379
6579
191504
4733
3675
54453
6926
17359
2937
39497
41690
8910
72791
52360
7798
37198
117491
17082
4338
4738
16403
95198
112483
83243
64976
162449
4757
1393
1058
8552
20276
9464
8126
564
1607
4380
2350
10635
6313
1660
1290
1834
80968
66390
264
454
42508
1527
3263
43463
2752
31160
6071
1359
961
3472
1014
190282
116276
36440
6552
13097
11523
3420
31964
4765
931
1577
56244
27307
6731
7422
7744
5279
21107
7622
4172
8537
44858
6302
41669
79814
27875
12523
20062
16170
59867
1005
1676
43057
18780
45918
49365
2061
5016
19201
2614
78416
7153
6086
5494
3763
2961
18970
182632
16437
7698
20485
5466
5864
223202
167685
256
140951
1313
2124
8131
1047
11331
20076
15239
7131
2191
2393
6931
54321
7199
250
7508
4200
31492
5219
5611
12467
35462
4987
7999
67520
22359
77488
68175
7525
7969
49702
1521
5916
310
311
1456
460
236
238
226
262
398
346
7489
188
6874
71477
33038
90745
20259
41742
1556
16000
27630
194575
9576
3236
165
1451
2071
1551
17504
64685
712
2275
3412
13388
3062
1404
725
6631
117444
1329
2489
30999
8332
911
22497
57475
1878
1761
24541
137436
22727
14799
5616
5017
9684
51972
52515
56703
48747
3941
2157
10523
168
389
5438
1826
17311
26322
9333
72510
18126
8023
6943
3875
15839
6798
7367
11134
214
7992
219522
54660
1157
17588
4594
1422
7982
2605
74042
113889
31493
1209
